1 5879.280000
2 5736.360000
3 5157.240000
4 5177.420000
5 5402.100000
6 5121.040000
7 5305.540000
8 547.000000
9 498.100000
10 453.200000
11 409.900000
12 376.600000
13 356.400000
14 750.300000
15 535.100000
16 451.900000
17 321.000000
18 313.300000
19 315.300000
20 310.900000
21 309.400000
22 306.000000
23 306.000000
24 301.000000
25 290.400000
26 297.200000
27 303.000000
28 297.900000
29 293.100000
30 290.600000
31 291.000000
32 288.300000
33 288.800000
34 285.400000
35 290.100000
36 290.600000
37 314.200000
38 10463.100000
39 10104.400000
40 6828.700000
41 5383.200000
42 4187.900000
43 3487.400000
44 3059.000000
45 2789.100000
46 2645.300000
47 2458.800000
48 2447.000000
49 2688.700000
50 2444.900000
51 2550.600000
52 2441.100000
53 2562.800000
54 2364.500000
55 2238.600000
56 2225.700000
57 2225.600000
58 2222.200000
59 2231.000000
60 2307.500000
61 2340.800000
62 2400.000000
63 2375.700000
64 2309.600000
65 2198.900000
66 2152.700000
67 2172.400000
68 2130.800000
69 2161.800000
70 2105.700000
71 2318.500000
72 2227.900000
73 2294.500000
74 2368.300000
75 2203.500000
76 2193.800000
77 2300.500000
78 2242.600000
79 2258.300000
80 2937.100000
81 2576.900000
82 2343.000000
83 2250.700000
84 2222.700000
85 2120.500000
86 2030.500000
87 2048.400000
88 2118.300000
89 2106.700000
90 2090.500000
91 2027.800000
92 2061.000000
93 2055.600000
94 1996.600000
95 2028.200000
96 2018.200000
97 2005.700000
98 1912.800000
99 1968.500000
100 2019.600000
101 2013.800000
102 1952.900000
103 1973.000000
104 1953.300000
105 1910.700000
106 1827.500000
107 1842.800000
108 1879.900000
109 1925.100000
110 1672.700000
111 1790.200000
112 1913.000000
113 2054.500000
114 3452.500000
115 3354.500000
116 2784.800000
117 2350.400000
118 2285.300000
119 2025.500000
120 2082.300000
121 2026.800000
122 1991.300000
123 1893.800000
124 1842.500000
125 1762.100000
126 1824.700000
127 1707.600000
128 1721.200000
129 1708.200000
130 1668.000000
131 1701.000000
132 1669.400000
133 1654.900000
134 2047.900000
135 1814.300000
136 2859.200000
137 3050.500000
138 3074.700000
139 3046.900000
140 2999.100000
141 3008.300000
142 3119.800000
143 3188.200000
144 3195.700000
145 3169.700000
146 3111.900000
147 3043.400000
148 3153.900000
149 3075.000000
150 3112.600000
151 3138.900000
152 3072.600000
153 3008.700000
154 3005.300000
155 3035.900000
156 3139.400000
157 3182.900000
158 3119.300000
159 3046.200000
160 2917.800000
161 3573.300000
