1 6014.700000
2 6061.920000
3 5943.420000
4 5194.080000
5 5806.280000
6 6042.140000
7 5779.560000
8 544.550000
9 494.900000
10 450.300000
11 408.400000
12 376.000000
13 355.000000
14 747.800000
15 529.300000
16 450.600000
17 318.000000
18 310.600000
19 311.200000
20 310.000000
21 309.300000
22 308.700000
23 307.600000
24 298.100000
25 294.100000
26 297.000000
27 303.000000
28 295.000000
29 292.800000
30 292.500000
31 289.500000
32 290.100000
33 287.500000
34 285.900000
35 290.700000
36 291.000000
37 399.200000
38 9622.500000
39 10346.100000
40 7809.600000
41 5096.900000
42 4450.900000
43 3677.700000
44 3211.900000
45 2955.600000
46 2800.200000
47 2698.400000
48 2591.400000
49 2634.600000
50 2701.900000
51 2634.900000
52 2652.600000
53 2629.200000
54 2572.800000
55 2477.300000
56 2432.600000
57 2452.100000
58 2459.800000
59 2453.200000
60 2447.900000
61 2549.900000
62 2551.900000
63 2491.000000
64 2474.800000
65 2412.300000
66 2360.300000
67 2338.000000
68 2295.000000
69 2335.700000
70 2307.000000
71 2469.100000
72 2457.000000
73 2615.300000
74 2506.500000
75 2510.200000
76 2356.300000
77 2422.500000
78 2430.800000
79 2450.900000
80 2989.200000
81 2698.900000
82 2517.900000
83 2405.800000
84 2365.900000
85 2266.700000
86 2227.000000
87 2244.900000
88 2301.900000
89 2279.800000
90 2302.600000
91 2286.400000
92 2217.700000
93 2221.800000
94 2208.300000
95 2224.300000
96 2197.700000
97 2160.700000
98 2184.200000
99 2223.000000
100 2167.600000
101 2181.900000
102 2130.600000
103 2142.900000
104 2239.200000
105 1997.200000
106 2038.500000
107 2067.100000
108 2083.700000
109 2128.400000
110 1882.800000
111 2003.700000
112 2141.300000
113 2181.200000
114 2721.000000
115 3674.900000
116 3093.400000
117 2555.000000
118 2333.100000
119 2222.300000
120 2208.800000
121 2226.400000
122 2144.700000
123 2099.300000
124 2119.200000
125 2005.600000
126 1990.900000
127 1898.200000
128 1951.000000
129 1857.000000
130 1867.400000
131 1881.200000
132 1856.000000
133 1851.500000
134 2194.500000
135 2068.200000
136 2928.700000
137 3098.900000
138 3113.400000
139 3058.800000
140 3024.100000
141 3036.500000
142 3151.500000
143 3244.300000
144 3223.100000
145 3207.200000
146 3123.800000
147 3098.000000
148 3144.500000
149 3102.900000
150 3138.000000
151 3144.700000
152 3103.500000
153 3010.300000
154 3027.700000
155 3072.200000
156 3166.500000
157 3190.900000
158 3124.900000
159 3117.200000
160 3513.700000
