1 3624.240000
2 1792.660000
3 1579.740000
4 1625.700000
5 1573.480000
6 1615.080000
7 1549.500000
8 1768.580000
9 557.800000
10 510.400000
11 464.000000
12 416.600000
13 381.600000
14 358.400000
15 352.700000
16 809.300000
17 551.600000
18 465.000000
19 320.500000
20 313.400000
21 312.900000
22 307.500000
23 309.900000
24 303.300000
25 309.000000
26 302.000000
27 299.600000
28 298.000000
29 291.300000
30 301.800000
31 300.300000
32 292.000000
33 289.700000
34 292.400000
35 291.000000
36 286.900000
37 287.200000
38 289.900000
39 289.200000
40 323.600000
41 1725.800000
42 2313.500000
43 1599.000000
44 1120.900000
45 914.500000
46 796.000000
47 721.900000
48 679.500000
49 731.000000
50 630.200000
51 630.100000
52 602.100000
53 626.600000
54 633.500000
55 623.500000
56 675.000000
57 698.900000
58 537.700000
59 547.900000
60 561.900000
61 604.700000
62 612.300000
63 714.500000
64 1128.200000
65 908.600000
66 675.600000
67 657.300000
68 577.800000
69 563.900000
70 581.100000
71 596.200000
72 615.500000
73 650.900000
74 730.500000
75 666.700000
76 701.900000
77 707.900000
78 632.600000
79 691.900000
80 1165.200000
81 1020.500000
82 822.100000
83 1734.000000
84 682.900000
85 791.700000
86 772.800000
87 753.100000
88 821.500000
89 702.200000
90 654.800000
91 698.000000
92 635.500000
93 604.200000
94 589.500000
95 570.200000
96 541.700000
97 557.100000
98 848.600000
99 599.400000
100 529.000000
101 521.400000
102 622.500000
103 801.800000
104 590.700000
105 596.200000
106 617.000000
107 629.100000
108 1140.800000
109 535.200000
110 589.100000
111 647.600000
112 623.200000
113 478.000000
114 545.400000
115 623.500000
116 1095.900000
117 1240.400000
118 2654.100000
119 2555.300000
120 949.400000
121 829.700000
122 761.700000
123 851.800000
124 979.600000
125 1189.100000
126 968.100000
127 1477.600000
128 674.500000
129 627.300000
130 634.100000
131 821.500000
132 788.300000
133 908.000000
134 708.600000
135 673.700000
136 616.400000
137 713.400000
138 775.800000
139 947.900000
140 593.200000
141 1158.000000
142 2374.900000
143 1941.000000
144 1950.400000
145 1879.000000
146 1788.600000
147 1732.300000
148 1231.500000
149 1816.100000
150 1944.300000
151 2073.200000
152 1989.500000
153 1852.600000
154 2530.500000
155 1737.900000
156 1866.300000
157 1882.700000
158 1983.400000
159 1466.200000
160 1947.400000
161 2098.100000
162 2122.600000
163 2254.200000
164 2188.200000
165 2132.400000
166 2041.800000
167 2056.700000
168 3444.200000
169 3858.600000
