1 5142.100000
2 4892.900000
3 4552.160000
4 4713.660000
5 4603.780000
6 4541.780000
7 4541.960000
8 547.150000
9 503.000000
10 454.500000
11 412.300000
12 378.000000
13 358.000000
14 759.200000
15 538.300000
16 453.800000
17 318.400000
18 315.000000
19 313.000000
20 309.700000
21 310.000000
22 305.100000
23 307.700000
24 299.000000
25 293.100000
26 296.400000
27 302.200000
28 299.700000
29 294.200000
30 289.000000
31 288.800000
32 292.400000
33 289.000000
34 287.800000
35 289.600000
36 289.000000
37 314.500000
38 7749.400000
39 8191.800000
40 5849.500000
41 4548.200000
42 3524.100000
43 2929.000000
44 2631.900000
45 2377.500000
46 2239.600000
47 2047.000000
48 2020.800000
49 2075.100000
50 2008.800000
51 2090.400000
52 2034.500000
53 1915.400000
54 1909.100000
55 1794.900000
56 1793.900000
57 1817.700000
58 1867.000000
59 1841.800000
60 1952.300000
61 2128.500000
62 2062.500000
63 2006.500000
64 1941.100000
65 1779.300000
66 1763.600000
67 1766.600000
68 1689.000000
69 1772.100000
70 1809.100000
71 1847.100000
72 1857.500000
73 1929.200000
74 2105.600000
75 1867.300000
76 1899.100000
77 2075.900000
78 1960.300000
79 1877.300000
80 2831.700000
81 2178.100000
82 2025.700000
83 1913.000000
84 1893.000000
85 1834.200000
86 1739.000000
87 1723.500000
88 1775.500000
89 1732.800000
90 1718.100000
91 1696.900000
92 1690.800000
93 1792.600000
94 1691.800000
95 1706.100000
96 1663.500000
97 1607.000000
98 1569.200000
99 1634.500000
100 1680.800000
101 1754.800000
102 1615.100000
103 1701.600000
104 1645.900000
105 1724.900000
106 1486.500000
107 1530.000000
108 1573.900000
109 1654.400000
110 1326.100000
111 1454.300000
112 1641.400000
113 1815.500000
114 3069.100000
115 3077.900000
116 2388.700000
117 2034.100000
118 1796.600000
119 1845.600000
120 1838.100000
121 1793.100000
122 1741.200000
123 1686.700000
124 1588.400000
125 1569.600000
126 1686.200000
127 1483.000000
128 1523.600000
129 1537.600000
130 1398.200000
131 1501.400000
132 1411.800000
133 1428.700000
134 1766.300000
135 1497.500000
136 2657.400000
137 2917.800000
138 2948.500000
139 2907.900000
140 2882.400000
141 2883.400000
142 2926.500000
143 3007.200000
144 3036.800000
145 3034.000000
146 2950.400000
147 2922.200000
148 3041.600000
149 2905.300000
150 2951.400000
151 2960.500000
152 2930.100000
153 2906.400000
154 2903.400000
155 2944.200000
156 3037.400000
157 3095.300000
158 3037.700000
159 2973.100000
160 2867.700000
161 3618.500000
162 3693.900000
