1 6554.120000
2 6314.080000
3 5677.900000
4 5671.900000
5 5821.060000
6 5839.060000
7 5803.920000
8 541.100000
9 491.700000
10 446.600000
11 408.700000
12 374.400000
13 354.500000
14 729.400000
15 509.800000
16 444.900000
17 319.700000
18 307.100000
19 310.600000
20 311.500000
21 308.600000
22 315.500000
23 306.600000
24 300.000000
25 295.100000
26 299.000000
27 301.200000
28 297.100000
29 293.800000
30 291.400000
31 288.000000
32 290.000000
33 288.700000
34 288.000000
35 291.000000
36 289.000000
37 1506.800000
38 11206.400000
39 9938.600000
40 7281.800000
41 4366.000000
42 4213.900000
43 3655.400000
44 3191.000000
45 2983.400000
46 2790.200000
47 2696.400000
48 2643.500000
49 2613.000000
50 2741.000000
51 2589.900000
52 2697.400000
53 2600.300000
54 2668.400000
55 2547.600000
56 2527.800000
57 2551.800000
58 2551.500000
59 2543.100000
60 2520.000000
61 2484.000000
62 2607.500000
63 2605.400000
64 2533.100000
65 2489.000000
66 2438.800000
67 2412.400000
68 2388.000000
69 2401.100000
70 2370.600000
71 2431.000000
72 2597.500000
73 2535.900000
74 2574.900000
75 2473.400000
76 2385.800000
77 2485.200000
78 2505.600000
79 2537.600000
80 2993.000000
81 2748.600000
82 2555.500000
83 2437.300000
84 2423.800000
85 2373.300000
86 2385.800000
87 2398.700000
88 2383.900000
89 2389.500000
90 2396.000000
91 2379.700000
92 2357.000000
93 2334.700000
94 2349.500000
95 2318.000000
96 2291.700000
97 2262.100000
98 2263.900000
99 2248.200000
100 2242.500000
101 2241.300000
102 2250.200000
103 2246.500000
104 2249.900000
105 2031.300000
106 2138.600000
107 2159.700000
108 2211.300000
109 2235.100000
110 2023.600000
111 2153.500000
112 2252.000000
113 2294.900000
114 3552.400000
115 2850.000000
116 2394.300000
117 2195.000000
118 2197.200000
119 2154.000000
120 2173.700000
121 2143.600000
122 2055.500000
123 2044.400000
124 1887.800000
125 1871.900000
126 1859.300000
127 1868.700000
128 1891.000000
129 1909.100000
130 1899.300000
131 1833.500000
132 1861.900000
133 2349.900000
134 2304.800000
135 3058.900000
136 3137.500000
137 3133.000000
138 3092.700000
139 3045.900000
140 3057.600000
141 3221.400000
142 3274.800000
143 3254.300000
144 3237.700000
145 3180.200000
146 3157.000000
147 3137.300000
148 3187.400000
149 3170.300000
150 3136.600000
151 3045.100000
152 3110.100000
153 3184.600000
154 3244.500000
155 3264.300000
156 3190.200000
157 3119.700000
158 3634.600000
