1 5753.000000
2 5522.880000
3 5018.140000
4 5137.980000
5 5226.700000
6 5281.920000
7 5269.760000
8 551.050000
9 500.800000
10 458.400000
11 414.400000
12 378.900000
13 355.000000
14 789.900000
15 546.900000
16 458.100000
17 322.000000
18 314.100000
19 314.000000
20 309.700000
21 307.300000
22 305.000000
23 305.900000
24 301.200000
25 296.200000
26 294.000000
27 302.700000
28 299.000000
29 293.000000
30 288.900000
31 292.000000
32 290.600000
33 289.100000
34 285.700000
35 290.500000
36 288.800000
37 313.000000
38 6393.700000
39 8538.600000
40 5235.000000
41 3960.700000
42 3178.300000
43 2567.700000
44 2313.100000
45 2088.800000
46 1980.200000
47 1802.900000
48 1738.800000
49 1717.900000
50 1779.200000
51 1705.800000
52 1750.900000
53 1649.800000
54 1674.200000
55 1509.400000
56 1520.300000
57 1544.100000
58 1633.900000
59 1545.800000
60 1701.200000
61 1984.100000
62 1833.600000
63 1816.700000
64 1692.800000
65 1496.800000
66 1524.600000
67 1549.000000
68 1457.600000
69 1563.200000
70 1564.300000
71 1599.800000
72 1610.300000
73 1698.500000
74 1699.800000
75 1590.000000
76 1673.500000
77 1915.200000
78 1803.300000
79 1673.200000
80 2716.200000
81 1904.200000
82 1833.800000
83 1674.000000
84 1743.100000
85 1646.400000
86 1525.800000
87 1476.200000
88 1550.100000
89 1538.900000
90 1540.900000
91 1421.800000
92 1494.200000
93 1374.700000
94 1349.000000
95 1554.100000
96 1516.000000
97 1372.100000
98 1291.900000
99 1458.800000
100 1557.800000
101 1383.000000
102 1365.600000
103 1378.000000
104 1417.600000
105 1830.400000
106 1281.500000
107 1282.000000
108 1360.300000
109 1475.500000
110 1137.000000
111 1308.000000
112 1484.400000
113 1723.700000
114 3444.600000
115 3200.300000
116 2389.500000
117 1845.900000
118 1637.600000
119 1885.600000
120 1842.100000
121 1749.200000
122 1869.400000
123 1494.900000
124 1394.300000
125 1357.600000
126 1374.100000
127 1379.800000
128 1539.600000
129 1638.300000
130 1264.400000
131 1267.700000
132 1340.600000
133 1315.800000
134 1562.100000
135 1258.000000
136 2370.900000
137 2708.800000
138 2759.100000
139 2702.700000
140 2677.100000
141 2616.500000
142 2663.900000
143 2673.900000
144 2794.500000
145 2804.200000
146 2800.400000
147 2773.400000
148 2725.800000
149 2879.700000
150 2736.600000
151 2738.700000
152 2767.200000
153 2773.300000
154 2724.600000
155 2689.300000
156 2699.100000
157 2719.100000
158 2853.600000
159 2874.000000
160 2845.400000
161 2781.400000
162 2675.200000
163 3554.800000
164 3675.100000
