1 6263.980000
2 5996.980000
3 4278.280000
4 5188.420000
5 5546.940000
6 5551.600000
7 5470.400000
8 540.150000
9 488.400000
10 443.000000
11 404.400000
12 372.400000
13 353.000000
14 719.000000
15 501.600000
16 443.700000
17 320.700000
18 309.700000
19 310.300000
20 311.700000
21 305.800000
22 311.600000
23 306.200000
24 297.300000
25 295.800000
26 300.300000
27 303.400000
28 295.300000
29 294.500000
30 289.900000
31 291.700000
32 291.500000
33 289.500000
34 287.900000
35 290.000000
36 288.000000
37 1969.900000
38 11983.200000
39 9513.800000
40 6864.100000
41 5059.600000
42 4019.300000
43 3468.800000
44 3043.800000
45 2820.400000
46 2682.300000
47 2615.500000
48 2503.500000
49 2487.500000
50 2596.900000
51 2521.300000
52 2612.500000
53 2485.900000
54 2579.400000
55 2444.500000
56 2435.300000
57 2457.800000
58 2472.600000
59 2450.300000
60 2451.900000
61 2452.400000
62 2524.100000
63 2499.300000
64 2422.200000
65 2375.600000
66 2309.800000
67 2313.200000
68 2298.800000
69 2300.200000
70 2273.700000
71 2367.300000
72 2475.000000
73 2442.200000
74 2503.800000
75 2401.000000
76 2280.200000
77 2460.800000
78 2439.700000
79 2459.300000
80 2899.000000
81 2604.700000
82 2449.900000
83 2372.200000
84 2340.800000
85 2254.100000
86 2307.800000
87 2284.400000
88 2302.200000
89 2262.600000
90 2283.800000
91 2263.000000
92 2222.200000
93 2244.800000
94 2258.400000
95 2245.400000
96 2213.000000
97 2188.700000
98 2160.300000
99 2155.300000
100 2177.700000
101 2151.400000
102 2172.800000
103 2183.200000
104 2173.100000
105 1958.800000
106 2048.600000
107 2121.000000
108 2159.300000
109 2209.700000
110 1989.600000
111 2075.600000
112 2190.400000
113 2245.400000
114 2752.100000
115 2159.200000
116 1862.200000
117 1771.800000
118 1813.100000
119 1930.700000
120 1860.800000
121 1842.200000
122 1654.100000
123 1592.300000
124 1622.900000
125 1560.700000
126 1570.600000
127 1583.400000
128 1582.900000
129 1506.000000
130 1517.300000
131 1528.500000
132 1589.800000
133 2338.300000
134 2318.500000
135 2283.400000
136 2350.000000
137 2337.400000
138 2277.600000
139 2214.700000
140 2231.100000
141 2352.900000
142 2385.600000
143 2408.800000
144 2371.300000
145 2333.300000
146 2307.800000
147 2305.100000
148 2356.000000
149 2362.500000
150 2351.300000
151 2358.100000
152 2440.200000
153 2570.800000
154 2529.600000
155 2510.300000
156 2459.900000
157 2366.700000
158 3651.200000
