1 3234.700000
2 2944.500000
3 3308.740000
4 3020.420000
5 3429.380000
6 3364.400000
7 3381.820000
8 536.350000
9 484.600000
10 441.300000
11 399.700000
12 370.400000
13 351.000000
14 704.800000
15 495.700000
16 312.500000
17 311.200000
18 310.300000
19 305.400000
20 306.300000
21 305.900000
22 296.600000
23 297.600000
24 303.000000
25 302.000000
26 296.800000
27 289.700000
28 289.000000
29 287.500000
30 291.200000
31 286.500000
32 291.500000
33 291.600000
34 287.200000
35 4140.300000
36 11640.900000
37 9058.000000
38 6492.800000
39 3043.200000
40 3903.700000
41 3302.300000
42 3053.300000
43 2783.900000
44 2639.400000
45 2461.000000
46 2544.900000
47 2550.400000
48 2608.800000
49 2513.800000
50 2557.300000
51 2412.200000
52 2373.100000
53 2424.900000
54 2431.400000
55 2457.300000
56 2527.700000
57 2464.100000
58 2434.500000
59 2433.400000
60 2561.300000
61 2478.300000
62 2444.100000
63 2393.400000
64 2345.700000
65 2182.200000
66 2287.200000
67 2290.500000
68 2292.400000
69 2264.600000
70 2466.100000
71 2436.500000
72 2478.400000
73 2379.000000
74 2263.700000
75 2366.900000
76 2395.200000
77 2787.700000
78 2474.300000
79 2335.300000
80 2367.300000
81 2316.300000
82 2293.300000
83 2183.500000
84 2174.500000
85 2162.800000
86 2159.900000
87 2170.900000
88 2150.200000
89 2183.600000
90 2197.100000
91 2177.200000
92 2111.700000
93 2079.700000
94 2071.000000
95 2071.100000
96 2041.300000
97 2043.900000
98 2036.300000
99 2073.400000
100 2074.600000
101 2077.900000
102 1885.600000
103 1946.000000
104 2001.800000
105 2035.400000
106 2068.300000
107 1871.900000
108 1975.800000
109 2108.100000
110 2161.900000
111 2430.000000
112 2100.100000
113 1778.500000
114 1720.700000
115 1711.800000
116 1961.700000
117 1933.600000
118 1758.200000
119 1467.200000
120 1565.000000
121 1394.200000
122 1419.400000
123 1429.000000
124 1448.400000
125 1363.400000
126 1324.600000
127 1485.800000
128 1403.800000
129 1622.600000
130 2325.100000
131 2268.800000
132 2409.800000
133 2438.500000
134 2413.000000
135 2361.500000
136 2310.300000
137 2005.300000
138 1981.800000
139 2021.600000
140 2036.500000
141 2003.000000
142 1994.400000
143 1931.300000
144 1926.300000
145 1902.500000
146 1909.500000
147 1922.300000
148 2009.600000
149 2108.100000
150 2250.800000
151 2169.800000
152 2093.300000
153 2014.700000
154 1975.200000
155 3737.400000
