1 3176.800000
2 2632.840000
3 2592.240000
4 2330.480000
5 2430.240000
6 2430.080000
7 2637.280000
8 550.000000
9 501.800000
10 456.200000
11 416.800000
12 377.000000
13 357.400000
14 783.600000
15 545.500000
16 455.400000
17 318.200000
18 313.100000
19 312.500000
20 309.800000
21 308.700000
22 303.900000
23 305.800000
24 300.500000
25 295.100000
26 296.000000
27 301.000000
28 298.500000
29 293.200000
30 291.000000
31 291.100000
32 291.700000
33 288.600000
34 285.300000
35 287.800000
36 286.100000
37 309.100000
38 7011.900000
39 7503.800000
40 5139.100000
41 3924.600000
42 3094.600000
43 2539.800000
44 2348.100000
45 2143.200000
46 1973.500000
47 1838.300000
48 1789.700000
49 1734.400000
50 1791.000000
51 1809.200000
52 1807.300000
53 1675.300000
54 1685.700000
55 1576.000000
56 1571.300000
57 1596.200000
58 1661.400000
59 1598.900000
60 1769.500000
61 2047.100000
62 1911.300000
63 1821.200000
64 1663.100000
65 1544.900000
66 1561.200000
67 1604.600000
68 1496.400000
69 1644.100000
70 1607.500000
71 1663.300000
72 1661.700000
73 1674.600000
74 1738.100000
75 1656.000000
76 1720.700000
77 1996.800000
78 1868.900000
79 1696.300000
80 2585.200000
81 1921.200000
82 1829.300000
83 1709.800000
84 1790.700000
85 1706.400000
86 1589.600000
87 1570.300000
88 1590.000000
89 1571.400000
90 1578.000000
91 1471.700000
92 1521.600000
93 1437.400000
94 1418.300000
95 1578.800000
96 1543.300000
97 1421.200000
98 1373.900000
99 1433.500000
100 1542.300000
101 1424.000000
102 1429.700000
103 1405.300000
104 1453.200000
105 1760.800000
106 1353.100000
107 1353.900000
108 1448.000000
109 1516.400000
110 1197.500000
111 1324.100000
112 1523.400000
113 1761.200000
114 2687.200000
115 2531.400000
116 1851.500000
117 1520.600000
118 1401.100000
119 1544.400000
120 1648.300000
121 1620.300000
122 1495.600000
123 1321.900000
124 1241.700000
125 1236.400000
126 1273.700000
127 1231.400000
128 1357.900000
129 1362.100000
130 1179.300000
131 1320.700000
132 1178.800000
133 1225.300000
134 1660.300000
135 1350.700000
136 1160.400000
137 1304.300000
138 1324.800000
139 1289.300000
140 1232.500000
141 1230.300000
142 1229.000000
143 1343.000000
144 1330.500000
145 1344.400000
146 1307.600000
147 1237.500000
148 1366.000000
149 1263.100000
150 1283.200000
151 1307.100000
152 1287.200000
153 1394.100000
154 1511.500000
155 1602.900000
156 1647.200000
157 1527.700000
158 1436.000000
159 1370.700000
160 1312.500000
161 3601.900000
162 2134.000000
