1 5788.540000
2 5318.880000
3 5486.300000
4 5545.780000
5 5691.100000
6 5699.260000
7 3863.180000
8 542.900000
9 495.500000
10 449.500000
11 407.000000
12 375.000000
13 353.400000
14 736.600000
15 509.500000
16 444.300000
17 318.300000
18 313.200000
19 311.000000
20 312.300000
21 307.100000
22 308.000000
23 307.200000
24 299.800000
25 293.700000
26 296.600000
27 305.500000
28 297.300000
29 292.900000
30 291.600000
31 290.500000
32 291.400000
33 290.800000
34 286.700000
35 289.800000
36 289.500000
37 691.300000
38 12336.800000
39 9216.600000
40 7522.800000
41 5524.000000
42 4323.600000
43 3649.800000
44 3216.000000
45 3006.300000
46 2867.700000
47 2733.600000
48 2627.000000
49 2621.400000
50 2713.200000
51 2630.200000
52 2708.800000
53 2616.000000
54 2675.900000
55 2639.700000
56 2539.900000
57 2548.700000
58 2529.300000
59 2528.500000
60 2523.100000
61 2509.900000
62 2604.800000
63 2619.900000
64 2549.200000
65 2477.100000
66 2443.600000
67 2398.800000
68 2380.400000
69 2392.400000
70 2367.000000
71 2430.700000
72 2533.500000
73 2547.300000
74 2588.700000
75 2542.500000
76 2402.200000
77 2478.200000
78 2495.700000
79 2524.900000
80 3025.900000
81 2763.500000
82 2596.100000
83 2465.700000
84 2429.500000
85 2353.800000
86 2354.600000
87 2362.300000
88 2374.800000
89 2365.600000
90 2361.100000
91 2383.600000
92 2335.000000
93 2325.000000
94 2303.400000
95 2290.400000
96 2266.000000
97 2253.700000
98 2255.300000
99 2263.600000
100 2236.500000
101 2236.000000
102 2224.900000
103 2222.600000
104 2282.400000
105 2024.400000
106 2108.700000
107 2143.000000
108 2163.900000
109 2205.700000
110 1993.300000
111 2118.800000
112 2218.900000
113 2254.400000
114 3750.100000
115 3039.400000
116 2588.000000
117 2275.600000
118 2171.700000
119 2230.700000
120 2229.100000
121 2203.600000
122 2100.900000
123 2044.800000
124 1958.300000
125 1976.000000
126 1910.200000
127 1933.800000
128 1905.700000
129 1941.800000
130 1896.500000
131 1974.700000
132 1918.500000
133 2300.900000
134 2223.700000
135 3013.200000
136 3125.200000
137 3151.500000
138 3078.800000
139 3037.200000
140 3055.700000
141 3166.400000
142 3242.300000
143 3255.000000
144 3229.000000
145 3181.200000
146 3157.100000
147 3134.000000
148 3161.700000
149 3183.300000
150 3125.800000
151 3055.600000
152 3088.000000
153 3139.300000
154 3234.600000
155 3248.100000
156 3169.900000
157 3086.500000
158 3585.900000
