1 5224.280000
2 4943.420000
3 4350.200000
4 4501.700000
5 4687.640000
6 4653.880000
7 4632.580000
8 538.400000
9 487.400000
10 443.600000
11 397.800000
12 372.000000
13 350.200000
14 712.500000
15 502.200000
16 437.100000
17 313.200000
18 314.200000
19 312.000000
20 305.100000
21 306.200000
22 304.800000
23 295.000000
24 296.000000
25 302.600000
26 302.500000
27 297.700000
28 292.500000
29 289.700000
30 290.000000
31 292.500000
32 289.000000
33 291.000000
34 290.000000
35 285.400000
36 3326.400000
37 10822.700000
38 9373.400000
39 6106.900000
40 4971.300000
41 4027.800000
42 3400.200000
43 3148.900000
44 2821.200000
45 2658.700000
46 2418.600000
47 2547.500000
48 2526.400000
49 2580.500000
50 2460.700000
51 2559.200000
52 2406.200000
53 2395.100000
54 2451.400000
55 2458.000000
56 2471.600000
57 2562.000000
58 2457.500000
59 2451.000000
60 2402.500000
61 2503.900000
62 2508.100000
63 2449.700000
64 2373.700000
65 2316.300000
66 2173.500000
67 2277.400000
68 2284.100000
69 2290.300000
70 2228.200000
71 2420.500000
72 2467.500000
73 2495.400000
74 2373.400000
75 2221.400000
76 2352.700000
77 2386.100000
78 2750.900000
79 2466.400000
80 2304.500000
81 2309.900000
82 2277.000000
83 2274.400000
84 2148.700000
85 2152.400000
86 2151.600000
87 2126.200000
88 2140.200000
89 2118.900000
90 2184.100000
91 2163.500000
92 2225.200000
93 2055.200000
94 2054.900000
95 2043.900000
96 2042.600000
97 2003.000000
98 2008.600000
99 1996.700000
100 2023.800000
101 2016.900000
102 2024.200000
103 1846.900000
104 1913.200000
105 1965.700000
106 2022.300000
107 2035.000000
108 1846.000000
109 1931.100000
110 2033.200000
111 2156.300000
112 2783.800000
113 2395.400000
114 1948.400000
115 2142.300000
116 1988.500000
117 2084.400000
118 2112.500000
119 1753.100000
120 1683.600000
121 1898.200000
122 1583.500000
123 1565.300000
124 1597.500000
125 1583.700000
126 1545.100000
127 1520.300000
128 1775.500000
129 1547.400000
130 1846.700000
131 2317.800000
132 2274.200000
133 2938.900000
134 3012.200000
135 2977.100000
136 2938.200000
137 3007.700000
138 2901.100000
139 3050.100000
140 3233.600000
141 3225.700000
142 3044.600000
143 3010.900000
144 3013.300000
145 3012.300000
146 3043.900000
147 3048.100000
148 2995.100000
149 2919.900000
150 2976.900000
151 3105.300000
152 3144.000000
153 3135.800000
154 3101.900000
155 2996.500000
156 3692.600000
