1 4884.440000
2 4193.220000
3 3715.100000
4 3923.100000
5 3862.500000
6 3941.580000
7 4022.060000
8 552.150000
9 507.800000
10 461.600000
11 414.000000
12 380.700000
13 357.500000
14 799.900000
15 551.700000
16 460.800000
17 321.000000
18 316.000000
19 309.300000
20 311.800000
21 309.700000
22 304.100000
23 309.000000
24 299.100000
25 295.200000
26 291.800000
27 300.100000
28 299.400000
29 296.000000
30 290.100000
31 291.000000
32 287.700000
33 288.300000
34 286.300000
35 292.200000
36 289.800000
37 320.000000
38 4531.300000
39 6259.100000
40 4096.300000
41 2829.300000
42 2285.700000
43 1848.800000
44 1732.300000
45 1477.400000
46 1415.400000
47 1327.100000
48 1319.700000
49 1288.500000
50 1298.800000
51 1270.400000
52 1304.100000
53 1246.200000
54 1246.800000
55 1099.000000
56 1092.500000
57 1137.400000
58 1211.200000
59 1141.000000
60 1316.200000
61 1706.100000
62 1512.400000
63 1283.200000
64 1321.500000
65 1104.000000
66 1135.500000
67 1143.400000
68 1079.800000
69 1187.300000
70 1169.400000
71 1259.000000
72 1186.800000
73 1312.300000
74 1342.100000
75 1167.700000
76 1299.600000
77 1672.600000
78 1493.700000
79 1353.500000
80 2510.600000
81 1419.400000
82 1459.100000
83 1341.600000
84 1391.600000
85 1353.300000
86 1182.900000
87 1172.600000
88 1217.700000
89 1226.800000
90 1182.300000
91 1076.200000
92 1158.700000
93 996.500000
94 1002.800000
95 1269.900000
96 1231.600000
97 1009.700000
98 963.600000
99 1159.800000
100 1269.000000
101 1032.100000
102 1027.700000
103 1031.700000
104 1099.600000
105 1683.900000
106 965.400000
107 990.000000
108 1079.000000
109 1196.600000
110 854.900000
111 990.500000
112 1072.800000
113 1489.600000
114 3275.900000
115 3419.200000
116 1926.700000
117 1738.900000
118 1437.600000
119 1704.200000
120 1473.700000
121 1596.600000
122 1537.000000
123 1965.700000
124 1321.300000
125 1161.000000
126 1184.800000
127 1218.600000
128 1231.500000
129 1291.500000
130 1280.700000
131 1098.900000
132 1087.400000
133 1188.500000
134 1180.800000
135 1234.500000
136 929.300000
137 2416.100000
138 2903.500000
139 2953.300000
140 2917.600000
141 2895.500000
142 2790.200000
143 2875.200000
144 2800.000000
145 3028.400000
146 3018.300000
147 2988.300000
148 2987.600000
149 2928.200000
150 3047.300000
151 2962.400000
152 2976.500000
153 2995.600000
154 2994.100000
155 2884.500000
156 2937.300000
157 2862.100000
158 2924.100000
159 3030.100000
160 3113.500000
161 3061.100000
162 2987.400000
163 2887.300000
164 3502.500000
165 3898.900000
